000000000000000000000000000000
000000000000000000000000000000
000000000000000000000000000000
000000000000000000000000000000
000000001100000000000000000000
000000000000000000000000000000
000000100000111000000000000000
000000100000000000000000000000
000000100001000010000000000000
000000001101000010000000000000
000010000101000010000000000000
000000111000111000000000000000
000000000000000000000000000000
000000111000111000000000000000
000010000101000010000000000000
000010000101000010000000000000
000010000101000010000000000000
000000000000000000000000000000
000000111000111000000000000000
000000000000000000000000000000
000000000000000000000000000000
000000000000000000000000000000
000000000000000000000000000000
000000000000000000000000000000
000000000000000000000000000000
000000000000000000000000000000
000000000000000000000000000000
000000000000000000000000000000
000000000000000000000000000000
000000000000000000000000000000
